Trial 1: The knight was able to successfully touch 64 squares.
[41][60][05][54][29][32][03][34]
[06][53][42][59][04][35][28][31]
[61][40][57][38][55][30][33][02]
[52][07][62][43][58][01][36][27]
[17][64][39][56][37][44][13][46]
[08][51][18][63][14][47][26][23]
[19][16][49][10][21][24][45][12]
[50][09][20][15][48][11][22][25]
Trial 2: The knight was able to successfully touch 64 squares.
[39][50][27][10][29][14][53][12]
[26][09][40][51][60][11][30][15]
[49][38][59][28][41][52][13][54]
[08][25][48][61][58][01][16][31]
[37][64][57][42][47][62][55][02]
[24][07][46][63][56][19][32][17]
[45][36][05][22][43][34][03][20]
[06][23][44][35][04][21][18][33]
Trial 3: The knight was able to successfully touch 64 squares.
[47][60][05][20][23][44][03][18]
[06][21][46][59][04][19][24][43]
[61][48][57][22][45][40][17][02]
[50][07][62][39][58][01][42][25]
[31][64][49][56][41][38][13][16]
[08][51][32][63][14][55][26][37]
[33][30][53][10][35][28][15][12]
[52][09][34][29][54][11][36][27]
Trial 4: The knight was able to successfully touch 64 squares.
[21][38][05][36][19][46][03][30]
[06][35][20][47][04][31][18][45]
[39][22][37][32][55][44][29][02]
[34][07][54][43][48][01][52][17]
[23][40][33][64][53][56][13][28]
[08][61][42][57][26][49][16][51]
[41][24][59][10][63][14][27][12]
[60][09][62][25][58][11][50][15]
Trial 5: The knight was able to successfully touch 64 squares.
[21][36][05][50][19][34][03][48]
[06][51][20][35][04][49][18][33]
[37][22][53][42][59][40][47][02]
[52][07][60][39][54][01][32][17]
[23][38][43][62][41][58][13][46]
[08][61][26][57][44][55][16][31]
[27][24][63][10][29][14][45][12]
[64][09][28][25][56][11][30][15]
Trial 6: The knight was able to successfully touch 64 squares.
[43][14][31][26][47][16][33][20]
[30][27][44][15][32][19][02][17]
[13][42][29][48][25][46][21][34]
[28][57][52][45][50][01][18][03]
[41][12][49][58][53][24][35][22]
[56][63][54][51][38][59][04][07]
[11][40][61][64][09][06][23][36]
[62][55][10][39][60][37][08][05]
Trial 7: The knight was able to successfully touch 64 squares.
[49][24][05][20][43][38][03][18]
[06][21][50][39][04][19][44][37]
[25][48][23][42][51][46][17][02]
[22][07][56][47][40][01][36][45]
[57][26][41][52][61][54][13][16]
[08][29][60][55][14][33][62][35]
[27][58][31][10][53][64][15][12]
[30][09][28][59][32][11][34][63]
Trial 8: The knight was able to successfully touch 64 squares.
[21][52][05][32][19][46][03][30]
[06][33][20][51][04][31][18][45]
[53][22][49][34][47][56][29][02]
[36][07][54][57][50][01][44][17]
[23][58][35][48][55][62][13][28]
[08][37][60][63][26][41][16][43]
[59][24][39][10][61][14][27][12]
[38][09][64][25][40][11][42][15]
Trial 9: The knight was able to successfully touch 64 squares.
[05][42][35][26][03][62][15][24]
[40][27][04][59][36][25][02][63]
[43][06][41][34][61][14][23][16]
[28][39][60][37][58][01][64][13]
[07][44][29][56][33][50][17][22]
[30][55][38][51][20][57][12][49]
[45][08][53][32][47][10][21][18]
[54][31][46][09][52][19][48][11]
Trial 10: The knight was able to successfully touch 64 squares.
[29][12][27][50][31][14][63][60]
[26][49][30][13][62][59][32][15]
[11][28][51][48][43][56][61][64]
[52][25][46][55][58][01][16][33]
[39][10][53][42][47][44][57][02]
[24][07][40][45][54][19][34][17]
[09][38][05][22][41][36][03][20]
[06][23][08][37][04][21][18][35]
Trial 11: The knight was able to successfully touch 64 squares.
[05][18][37][22][03][16][47][62]
[38][21][04][17][48][63][02][15]
[19][06][49][36][23][14][61][46]
[50][39][20][33][64][01][24][13]
[07][30][51][58][35][32][45][60]
[40][57][34][31][52][59][12][25]
[29][08][55][42][27][10][53][44]
[56][41][28][09][54][43][26][11]
Trial 12: The knight was able to successfully touch 64 squares.
[51][46][33][10][37][14][31][12]
[34][09][52][45][32][11][38][15]
[47][50][55][36][53][44][13][30]
[08][35][48][63][56][01][16][39]
[49][64][25][54][43][58][29][02]
[24][07][62][57][28][19][40][17]
[61][26][05][22][59][42][03][20]
[06][23][60][27][04][21][18][41]
Trial 13: The knight was able to successfully touch 64 squares.
[05][44][07][26][03][40][17][24]
[08][27][04][53][18][25][02][39]
[45][06][43][28][41][52][23][16]
[30][09][60][19][54][01][38][51]
[59][46][29][42][61][50][15][22]
[10][31][58][55][20][35][64][37]
[47][56][33][12][49][62][21][14]
[32][11][48][57][34][13][36][63]
Trial 14: The knight was able to successfully touch 64 squares.
[29][32][37][10][49][14][39][12]
[36][09][30][33][38][11][48][15]
[31][28][35][64][57][50][13][40]
[08][61][56][51][34][01][16][47]
[27][52][25][60][63][58][41][02]
[24][07][62][55][42][19][46][17]
[53][26][05][22][59][44][03][20]
[06][23][54][43][04][21][18][45]
Trial 15: The knight was able to successfully touch 64 squares.
[21][38][05][36][19][46][03][30]
[06][35][20][47][04][31][18][45]
[39][22][37][32][61][44][29][02]
[34][07][62][43][48][01][64][17]
[23][40][33][60][63][56][13][28]
[08][53][42][49][26][59][16][57]
[41][24][51][10][55][14][27][12]
[52][09][54][25][50][11][58][15]
Trial 16: The knight was able to successfully touch 64 squares.
[29][12][27][60][31][14][41][46]
[26][55][30][13][48][45][32][15]
[11][28][59][44][61][42][47][40]
[54][25][56][49][58][01][16][33]
[51][10][53][62][43][64][39][02]
[24][07][50][57][38][19][34][17]
[09][52][05][22][63][36][03][20]
[06][23][08][37][04][21][18][35]
Trial 17: The knight was able to successfully touch 64 squares.
[63][46][05][20][23][56][03][18]
[06][21][64][57][04][19][24][55]
[47][62][45][22][53][60][17][02]
[44][07][58][61][42][01][54][25]
[31][48][43][52][59][38][13][16]
[08][51][32][39][14][41][26][37]
[33][30][49][10][35][28][15][12]
[50][09][34][29][40][11][36][27]
Trial 18: The knight was able to successfully touch 64 squares.
[35][38][05][20][25][42][03][18]
[06][21][36][41][04][19][26][43]
[37][34][39][24][47][44][17][02]
[22][07][46][55][40][01][48][27]
[33][62][23][58][45][54][13][16]
[08][59][56][53][14][51][28][49]
[63][32][61][10][57][30][15][12]
[60][09][64][31][52][11][50][29]
Trial 19: The knight was able to successfully touch 64 squares.
[59][12][27][36][41][14][29][32]
[26][37][58][13][28][31][42][15]
[11][60][35][40][57][48][33][30]
[38][25][50][55][34][01][16][43]
[61][10][39][64][49][56][47][02]
[24][07][62][51][54][19][44][17]
[09][52][05][22][63][46][03][20]
[06][23][08][53][04][21][18][45]
Trial 20: The knight was able to successfully touch 64 squares.
[53][12][27][42][49][14][29][44]
[26][41][52][13][28][43][50][15]
[11][54][39][48][51][60][45][30]
[40][25][58][55][46][01][16][61]
[35][10][47][38][59][56][31][02]
[24][07][36][57][32][19][62][17]
[09][34][05][22][37][64][03][20]
[06][23][08][33][04][21][18][63]
Trial 21: The knight was able to successfully touch 64 squares.
[31][56][39][10][33][14][51][12]
[38][09][32][55][52][11][34][15]
[57][30][53][40][35][62][13][50]
[08][37][58][61][54][01][16][63]
[29][60][25][36][41][64][49][02]
[24][07][42][59][26][19][46][17]
[43][28][05][22][45][48][03][20]
[06][23][44][27][04][21][18][47]
Trial 22: The knight was able to successfully touch 64 squares.
[55][50][05][20][23][60][03][18]
[06][21][56][61][04][19][24][59]
[51][54][49][22][57][62][17][02]
[44][07][64][53][46][01][58][25]
[31][52][45][48][63][38][13][16]
[08][43][32][39][14][47][26][37]
[33][30][41][10][35][28][15][12]
[42][09][34][29][40][11][36][27]
Trial 23: The knight was able to successfully touch 64 squares.
[11][46][31][26][13][54][15][24]
[44][27][12][63][32][25][02][55]
[47][10][45][30][53][14][23][16]
[28][43][64][33][62][01][56][03]
[09][48][29][52][57][34][17][22]
[42][51][40][61][20][59][04][35]
[39][08][49][58][37][06][21][18]
[50][41][38][07][60][19][36][05]
Trial 24: The knight was able to successfully touch 58 squares.
[05][26][07][24][03][36][17][20]
[08][23][04][35][18][21][02][37]
[27][06][25][22][00][38][19][16]
[32][09][48][00][34][01][00][39]
[45][28][33][56][47][00][15][52]
[10][31][46][49][00][53][40][00]
[29][44][57][12][55][42][51][14]
[58][11][30][43][50][13][54][41]
Trial 25: The knight was able to successfully touch 64 squares.
[35][38][05][20][25][42][03][18]
[06][21][36][41][04][19][26][43]
[37][34][39][24][57][44][17][02]
[22][07][56][45][40][01][48][27]
[33][62][23][58][47][60][13][16]
[08][55][46][61][14][51][28][49]
[63][32][53][10][59][30][15][12]
[54][09][64][31][52][11][50][29]
Trial 26: The knight was able to successfully touch 64 squares.
[31][56][39][10][33][14][51][12]
[38][09][32][55][52][11][34][15]
[57][30][53][40][35][62][13][50]
[08][37][58][61][54][01][16][63]
[29][60][25][36][41][64][49][02]
[24][07][42][59][26][19][46][17]
[43][28][05][22][45][48][03][20]
[06][23][44][27][04][21][18][47]
Trial 27: The knight was able to successfully touch 60 squares.
[11][54][35][26][13][00][15][24]
[60][27][12][55][36][25][02][00]
[51][10][53][34][00][14][23][16]
[28][59][50][37][56][01][00][03]
[09][52][29][58][33][44][17][22]
[30][49][38][45][20][57][04][43]
[39][08][47][32][41][06][21][18]
[48][31][40][07][46][19][42][05]
Trial 28: The knight was able to successfully touch 64 squares.
[59][14][57][34][61][16][21][36]
[64][33][60][15][56][35][02][17]
[13][58][55][62][43][20][37][22]
[32][63][44][51][54][01][18][03]
[45][12][53][42][19][50][23][38]
[28][31][46][49][52][41][04][07]
[11][48][29][26][09][06][39][24]
[30][27][10][47][40][25][08][05]
Trial 29: The knight was able to successfully touch 64 squares.
[05][50][07][24][03][26][17][20]
[08][23][04][61][18][21][02][27]
[51][06][49][22][25][60][19][16]
[38][09][64][53][62][01][28][55]
[43][52][39][48][59][54][15][32]
[10][37][44][63][40][31][56][29]
[45][42][35][12][47][58][33][14]
[36][11][46][41][34][13][30][57]
Trial 30: The knight was able to successfully touch 64 squares.
[63][14][39][36][51][16][41][20]
[38][35][62][15][40][19][02][17]
[13][64][37][50][47][52][21][42]
[34][49][54][61][44][01][18][03]
[55][12][59][48][53][46][43][22]
[30][33][56][45][60][25][04][07]
[11][58][31][28][09][06][23][26]
[32][29][10][57][24][27][08][05]
Trial 31: The knight was able to successfully touch 64 squares.
[43][32][05][60][41][54][03][58]
[06][61][42][55][04][59][40][49]
[33][44][31][62][53][50][57][02]
[64][07][52][45][56][01][48][39]
[17][34][63][30][51][46][13][26]
[08][21][18][35][14][27][38][47]
[19][16][23][10][29][36][25][12]
[22][09][20][15][24][11][28][37]
Trial 32: The knight was able to successfully touch 64 squares.
[05][24][07][42][03][22][17][36]
[08][41][04][23][18][37][02][21]
[25][06][43][38][59][20][35][16]
[40][09][62][19][44][01][60][53]
[63][26][39][58][61][54][15][34]
[10][29][64][47][32][45][52][55]
[27][48][31][12][57][50][33][14]
[30][11][28][49][46][13][56][51]
Trial 33: The knight was able to successfully touch 64 squares.
[35][38][05][20][25][42][03][18]
[06][21][36][41][04][19][26][43]
[37][34][39][24][49][44][17][02]
[22][07][48][45][40][01][50][27]
[33][64][23][58][47][60][13][16]
[08][57][46][61][14][53][28][51]
[63][32][55][10][59][30][15][12]
[56][09][62][31][54][11][52][29]
Trial 34: The knight was able to successfully touch 64 squares.
[21][52][05][40][19][58][03][38]
[06][41][20][57][04][39][18][63]
[51][22][53][42][59][62][37][02]
[44][07][60][33][56][01][64][17]
[23][50][43][54][61][32][13][36]
[08][45][26][49][34][55][16][31]
[27][24][47][10][29][14][35][12]
[46][09][28][25][48][11][30][15]
Trial 35: The knight was able to successfully touch 64 squares.
[29][12][27][48][31][14][41][46]
[26][61][30][13][44][47][32][15]
[11][28][49][62][53][42][45][40]
[60][25][64][43][50][01][16][33]
[57][10][59][54][63][52][39][02]
[24][07][56][51][38][19][34][17]
[09][58][05][22][55][36][03][20]
[06][23][08][37][04][21][18][35]
Trial 36: The knight was able to successfully touch 64 squares.
[63][14][37][58][49][16][39][20]
[36][51][64][15][38][19][02][17]
[13][62][57][50][59][48][21][40]
[56][35][52][61][54][01][18][03]
[45][12][55][34][47][60][41][22]
[30][33][46][53][42][25][04][07]
[11][44][31][28][09][06][23][26]
[32][29][10][43][24][27][08][05]
Trial 37: The knight was able to successfully touch 64 squares.
[23][14][25][30][21][16][43][46]
[26][29][22][15][42][45][02][17]
[13][24][41][28][31][20][47][44]
[40][27][32][51][64][01][18][03]
[33][12][39][60][19][50][53][48]
[38][57][36][63][52][61][04][07]
[11][34][59][56][09][06][49][54]
[58][37][10][35][62][55][08][05]
Trial 38: The knight was able to successfully touch 64 squares.
[51][46][27][10][29][14][37][12]
[26][09][52][45][48][11][30][15]
[53][50][47][28][63][36][13][38]
[08][25][62][49][44][01][16][31]
[61][54][43][64][35][58][39][02]
[24][07][60][57][40][19][32][17]
[55][42][05][22][59][34][03][20]
[06][23][56][41][04][21][18][33]
Trial 39: The knight was able to successfully touch 64 squares.
[29][12][27][58][31][14][41][54]
[26][47][30][13][56][53][32][15]
[11][28][57][44][59][42][55][40]
[46][25][48][63][52][01][16][33]
[49][10][45][60][43][64][39][02]
[24][07][62][51][38][19][34][17]
[09][50][05][22][61][36][03][20]
[06][23][08][37][04][21][18][35]
Trial 40: The knight was able to successfully touch 64 squares.
[11][64][55][26][13][42][15][24]
[54][27][12][61][56][25][02][41]
[63][10][53][50][43][14][23][16]
[28][51][62][57][60][01][40][03]
[09][58][29][52][49][44][17][22]
[30][33][48][59][20][37][04][39]
[47][08][35][32][45][06][21][18]
[34][31][46][07][36][19][38][05]
Trial 41: The knight was able to successfully touch 64 squares.
[05][48][31][26][03][54][15][24]
[32][27][04][53][46][25][02][55]
[49][06][47][30][57][14][23][16]
[28][33][58][45][52][01][56][13]
[07][50][29][62][37][44][17][22]
[34][59][38][51][20][63][12][43]
[39][08][61][36][41][10][21][18]
[60][35][40][09][64][19][42][11]
Trial 42: The knight was able to successfully touch 64 squares.
[05][26][07][24][03][40][17][20]
[08][23][04][61][18][21][02][39]
[27][06][25][22][41][60][19][16]
[64][09][52][59][62][01][38][43]
[49][28][63][34][51][42][15][56]
[10][31][50][53][58][55][44][37]
[29][48][33][12][35][46][57][14]
[32][11][30][47][54][13][36][45]
Trial 43: The knight was able to successfully touch 64 squares.
[29][12][27][64][31][14][41][46]
[26][61][30][13][44][47][32][15]
[11][28][53][60][63][42][45][40]
[54][25][62][43][48][01][16][33]
[57][10][55][52][59][50][39][02]
[24][07][58][49][38][19][34][17]
[09][56][05][22][51][36][03][20]
[06][23][08][37][04][21][18][35]
Trial 44: The knight was able to successfully touch 64 squares.
[29][12][27][50][31][14][57][62]
[26][49][30][13][56][61][32][15]
[11][28][51][48][43][58][63][60]
[52][25][46][55][64][01][16][33]
[39][10][53][42][47][44][59][02]
[24][07][40][45][54][19][34][17]
[09][38][05][22][41][36][03][20]
[06][23][08][37][04][21][18][35]
Trial 45: The knight was able to successfully touch 64 squares.
[05][52][35][26][03][60][15][24]
[36][27][04][53][50][25][02][59]
[47][06][51][34][61][14][23][16]
[28][37][46][49][54][01][58][13]
[07][48][29][64][33][62][17][22]
[30][41][38][45][20][55][12][57]
[39][08][43][32][63][10][21][18]
[42][31][40][09][44][19][56][11]
Trial 46: The knight was able to successfully touch 64 squares.
[37][34][05][20][23][60][03][18]
[06][21][36][57][04][19][24][59]
[35][38][33][22][61][58][17][02]
[32][07][64][47][56][01][62][25]
[39][48][31][54][63][46][13][16]
[08][53][40][49][14][55][26][45]
[41][30][51][10][43][28][15][12]
[52][09][42][29][50][11][44][27]
Trial 47: The knight was able to successfully touch 64 squares.
[63][58][05][20][23][42][03][18]
[06][21][64][57][04][19][24][41]
[59][62][55][22][43][52][17][02]
[32][07][60][53][56][01][40][25]
[61][54][31][44][51][46][13][16]
[08][33][50][47][14][37][26][39]
[49][30][35][10][45][28][15][12]
[34][09][48][29][36][11][38][27]
Trial 48: The knight was able to successfully touch 64 squares.
[11][54][31][26][13][64][15][24]
[32][27][12][55][50][25][02][63]
[53][10][49][30][59][14][23][16]
[28][33][58][51][56][01][62][03]
[09][52][29][48][37][60][17][22]
[34][41][38][57][20][45][04][61]
[39][08][43][36][47][06][21][18]
[42][35][40][07][44][19][46][05]
Trial 49: The knight was able to successfully touch 64 squares.
[33][12][31][60][35][14][57][62]
[30][49][34][13][58][61][36][15]
[11][32][59][48][41][54][63][56]
[50][29][40][53][64][01][16][37]
[25][10][51][42][47][38][55][02]
[28][07][26][39][52][43][20][17]
[09][24][05][46][19][22][03][44]
[06][27][08][23][04][45][18][21]
Trial 50: The knight was able to successfully touch 64 squares.
[29][12][27][58][31][14][41][46]
[26][59][30][13][44][47][32][15]
[11][28][49][62][57][42][45][40]
[60][25][64][43][48][01][16][33]
[53][10][61][50][63][56][39][02]
[24][07][52][55][38][19][34][17]
[09][54][05][22][51][36][03][20]
[06][23][08][37][04][21][18][35]
Trial 51: The knight was able to successfully touch 64 squares.
[05][18][33][22][03][16][43][60]
[34][21][04][17][44][59][02][15]
[19][06][53][32][23][14][61][42]
[48][35][20][45][58][01][24][13]
[07][52][47][54][31][64][41][62]
[36][49][30][57][46][55][12][25]
[29][08][51][38][27][10][63][40]
[50][37][28][09][56][39][26][11]
Trial 52: The knight was able to successfully touch 64 squares.
[05][30][07][24][03][48][17][20]
[08][23][04][29][18][21][02][47]
[31][06][25][22][49][56][19][16]
[26][09][50][57][28][01][46][55]
[51][32][27][42][61][54][15][40]
[10][35][60][53][58][41][62][45]
[33][52][37][12][43][64][39][14]
[36][11][34][59][38][13][44][63]
Trial 53: The knight was able to successfully touch 64 squares.
[53][56][05][20][23][58][03][18]
[06][21][54][57][04][19][24][63]
[55][52][49][22][59][64][17][02]
[44][07][60][51][46][01][62][25]
[31][50][45][48][61][38][13][16]
[08][43][32][39][14][47][26][37]
[33][30][41][10][35][28][15][12]
[42][09][34][29][40][11][36][27]
Trial 54: The knight was able to successfully touch 64 squares.
[61][24][05][20][45][40][03][18]
[06][21][62][41][04][19][46][39]
[25][60][23][44][63][48][17][02]
[22][07][56][59][42][01][38][47]
[57][26][43][34][49][64][13][16]
[08][29][58][55][14][33][50][37]
[27][54][31][10][35][52][15][12]
[30][09][28][53][32][11][36][51]
Trial 55: The knight was able to successfully touch 64 squares.
[11][52][15][30][13][28][37][40]
[16][31][12][53][42][39][02][27]
[51][10][59][14][29][36][41][38]
[32][17][54][43][60][01][26][03]
[09][50][33][58][35][44][61][46]
[18][55][20][49][62][47][04][25]
[21][08][57][34][23][06][45][64]
[56][19][22][07][48][63][24][05]
Trial 56: The knight was able to successfully touch 64 squares.
[37][12][35][52][39][14][43][50]
[34][61][38][13][48][51][40][15]
[11][36][63][60][53][42][49][44]
[62][33][56][47][64][01][16][41]
[29][10][59][20][57][54][45][02]
[32][07][30][55][46][21][24][17]
[09][28][05][58][19][26][03][22]
[06][31][08][27][04][23][18][25]
Trial 57: The knight was able to successfully touch 64 squares.
[63][14][25][20][59][16][27][30]
[24][21][62][15][26][29][02][17]
[13][64][23][58][19][60][31][28]
[22][51][40][61][48][01][18][03]
[41][12][57][50][55][34][47][32]
[52][39][54][35][44][49][04][07]
[11][42][37][56][09][06][33][46]
[38][53][10][43][36][45][08][05]
Trial 58: The knight was able to successfully touch 64 squares.
[21][54][05][62][19][60][03][38]
[06][63][20][59][04][37][18][33]
[53][22][55][36][61][34][39][02]
[56][07][64][49][58][01][32][17]
[23][52][57][44][35][50][13][40]
[08][45][26][51][48][43][16][31]
[27][24][47][10][29][14][41][12]
[46][09][28][25][42][11][30][15]
Trial 59: The knight was able to successfully touch 64 squares.
[05][26][07][24][03][60][17][20]
[08][23][04][47][18][21][02][59]
[27][06][25][22][61][40][19][16]
[32][09][46][39][48][01][58][41]
[35][28][33][62][45][56][15][52]
[10][31][36][49][38][53][42][57]
[29][34][63][12][55][44][51][14]
[64][11][30][37][50][13][54][43]
Trial 60: The knight was able to successfully touch 64 squares.
[11][44][61][26][13][42][15][24]
[60][27][12][43][62][25][02][41]
[45][10][63][58][47][14][23][16]
[28][59][46][55][64][01][40][03]
[09][52][29][48][57][54][17][22]
[30][33][56][53][20][37][04][39]
[51][08][35][32][49][06][21][18]
[34][31][50][07][36][19][38][05]
Trial 61: The knight was able to successfully touch 64 squares.
[31][48][39][10][33][14][43][12]
[40][09][32][47][42][11][34][15]
[49][30][41][38][35][62][13][44]
[08][37][50][61][46][01][16][55]
[29][60][25][36][63][56][45][02]
[24][07][64][51][26][19][54][17]
[59][28][05][22][57][52][03][20]
[06][23][58][27][04][21][18][53]
Trial 62: The knight was able to successfully touch 64 squares.
[21][38][05][36][19][64][03][30]
[06][35][20][61][04][31][18][63]
[39][22][37][32][57][62][29][02]
[34][07][60][53][48][01][58][17]
[23][40][33][56][59][52][13][28]
[08][43][54][47][26][49][16][51]
[41][24][45][10][55][14][27][12]
[44][09][42][25][46][11][50][15]
Trial 63: The knight was able to successfully touch 64 squares.
[57][44][27][10][37][14][29][12]
[26][09][58][41][28][11][38][15]
[45][56][43][36][63][40][13][30]
[08][25][54][59][42][01][16][39]
[55][46][35][62][53][64][31][02]
[24][07][60][49][32][19][52][17]
[47][34][05][22][61][50][03][20]
[06][23][48][33][04][21][18][51]
Trial 64: The knight was able to successfully touch 64 squares.
[37][12][27][60][39][14][29][62]
[26][53][38][13][28][61][40][15]
[11][36][59][50][57][42][63][30]
[52][25][54][43][64][01][16][41]
[35][10][51][58][49][56][31][02]
[24][07][44][55][32][19][46][17]
[09][34][05][22][45][48][03][20]
[06][23][08][33][04][21][18][47]
Trial 65: The knight was able to successfully touch 64 squares.
[61][48][33][10][37][14][31][12]
[34][09][60][55][32][11][38][15]
[49][62][47][36][57][40][13][30]
[08][35][56][59][54][01][16][39]
[63][50][25][46][41][58][29][02]
[24][07][64][53][28][19][44][17]
[51][26][05][22][45][42][03][20]
[06][23][52][27][04][21][18][43]
Trial 66: The knight was able to successfully touch 64 squares.
[21][38][05][32][19][48][03][30]
[06][33][20][49][04][31][18][47]
[39][22][37][34][57][44][29][02]
[36][07][58][43][50][01][46][17]
[23][40][35][56][45][64][13][28]
[08][55][42][59][26][51][16][63]
[41][24][53][10][61][14][27][12]
[54][09][60][25][52][11][62][15]
Trial 67: The knight was able to successfully touch 64 squares.
[31][52][43][10][33][14][41][12]
[50][09][32][63][42][11][34][15]
[53][30][51][44][59][46][13][40]
[08][49][64][47][62][01][16][35]
[29][54][25][58][45][60][39][02]
[24][07][48][61][26][19][36][17]
[55][28][05][22][57][38][03][20]
[06][23][56][27][04][21][18][37]
Trial 68: The knight was able to successfully touch 64 squares.
[57][38][33][10][59][14][31][12]
[34][09][58][37][32][11][62][15]
[39][56][35][50][63][60][13][30]
[08][49][52][55][36][01][16][61]
[53][40][25][48][51][64][29][02]
[24][07][54][43][28][19][46][17]
[41][26][05][22][47][44][03][20]
[06][23][42][27][04][21][18][45]
Trial 69: The knight was able to successfully touch 64 squares.
[45][60][05][28][19][22][03][24]
[06][27][46][59][04][25][18][21]
[61][44][29][26][49][20][23][02]
[30][07][62][47][58][01][40][17]
[43][54][31][50][41][48][13][36]
[08][63][42][57][34][37][16][39]
[53][32][55][10][51][14][35][12]
[64][09][52][33][56][11][38][15]
Trial 70: The knight was able to successfully touch 64 squares.
[27][12][41][46][29][14][33][64]
[42][45][28][13][40][61][30][15]
[11][26][43][60][47][32][63][34]
[44][57][50][39][62][01][16][31]
[25][10][59][56][51][48][35][02]
[58][07][52][49][38][55][20][17]
[09][24][05][54][19][22][03][36]
[06][53][08][23][04][37][18][21]
Trial 71: The knight was able to successfully touch 64 squares.
[23][14][33][62][21][16][43][60]
[32][35][22][15][44][61][02][17]
[13][24][63][34][57][20][59][42]
[36][31][50][45][64][01][18][03]
[25][12][37][56][19][58][41][54]
[30][49][28][51][46][55][04][07]
[11][26][47][38][09][06][53][40]
[48][29][10][27][52][39][08][05]
Trial 72: The knight was able to successfully touch 64 squares.
[11][18][37][28][13][16][61][40]
[36][29][12][17][62][39][02][15]
[19][10][51][38][27][14][41][60]
[52][35][30][63][54][01][26][03]
[09][20][53][50][31][44][59][42]
[34][49][32][45][64][55][04][25]
[21][08][47][56][23][06][43][58]
[48][33][22][07][46][57][24][05]
Trial 73: The knight was able to successfully touch 64 squares.
[63][52][05][34][41][58][03][36]
[06][33][62][53][04][35][42][59]
[51][64][31][40][57][60][37][02]
[32][07][54][61][38][01][56][43]
[17][50][39][30][55][48][13][26]
[08][21][18][49][14][27][44][47]
[19][16][23][10][29][46][25][12]
[22][09][20][15][24][11][28][45]
Trial 74: The knight was able to successfully touch 64 squares.
[19][38][05][50][21][36][03][56]
[06][49][20][37][04][55][22][35]
[39][18][45][48][51][34][57][02]
[46][07][52][33][64][01][54][23]
[17][40][47][44][53][58][13][60]
[08][43][32][63][14][61][24][27]
[31][16][41][10][29][26][59][12]
[42][09][30][15][62][11][28][25]
Trial 75: The knight was able to successfully touch 64 squares.
[29][52][43][10][31][14][41][12]
[44][09][30][49][42][11][32][15]
[53][28][51][46][55][48][13][40]
[08][45][54][63][50][01][16][33]
[27][64][25][56][47][62][39][02]
[24][07][58][61][38][19][34][17]
[59][26][05][22][57][36][03][20]
[06][23][60][37][04][21][18][35]
Trial 76: The knight was able to successfully touch 64 squares.
[51][14][57][30][49][16][59][20]
[56][29][50][15][58][19][02][17]
[13][52][55][48][31][62][21][60]
[28][41][34][63][54][01][18][03]
[35][12][53][42][47][32][61][22]
[40][27][38][33][64][43][04][07]
[11][36][25][46][09][06][23][44]
[26][39][10][37][24][45][08][05]
Trial 77: The knight was able to successfully touch 64 squares.
[57][24][05][20][43][38][03][18]
[06][21][58][39][04][19][44][37]
[25][56][23][42][63][46][17][02]
[22][07][54][59][40][01][36][45]
[55][26][41][62][47][64][13][16]
[08][29][60][53][14][33][48][35]
[27][52][31][10][61][50][15][12]
[30][09][28][51][32][11][34][49]
Trial 78: The knight was able to successfully touch 64 squares.
[63][12][27][50][55][14][29][32]
[26][51][64][13][28][31][48][15]
[11][62][35][54][49][56][33][30]
[52][25][58][61][34][01][16][47]
[59][10][53][36][57][46][41][02]
[24][07][60][45][42][19][38][17]
[09][44][05][22][37][40][03][20]
[06][23][08][43][04][21][18][39]
Trial 79: The knight was able to successfully touch 64 squares.
[55][14][37][48][53][16][39][20]
[36][59][54][15][38][19][02][17]
[13][56][47][60][49][52][21][40]
[58][35][62][51][46][01][18][03]
[63][12][57][34][61][50][41][22]
[30][33][64][45][42][25][04][07]
[11][44][31][28][09][06][23][26]
[32][29][10][43][24][27][08][05]
Trial 80: The knight was able to successfully touch 64 squares.
[19][22][05][52][27][24][03][56]
[06][51][20][23][04][55][28][25]
[21][18][45][48][53][26][57][02]
[46][07][50][39][58][01][54][29]
[17][40][47][44][49][60][13][64]
[08][43][38][59][14][63][30][33]
[37][16][41][10][35][32][61][12]
[42][09][36][15][62][11][34][31]
Trial 81: The knight was able to successfully touch 64 squares.
[31][12][29][36][33][14][41][44]
[28][37][32][13][40][43][34][15]
[11][30][39][58][35][64][45][42]
[38][27][54][61][56][01][16][47]
[53][10][57][20][59][46][63][02]
[26][07][60][55][62][21][48][17]
[09][52][05][24][19][50][03][22]
[06][25][08][51][04][23][18][49]
Trial 82: The knight was able to successfully touch 64 squares.
[11][54][31][26][13][60][15][24]
[32][27][12][55][50][25][02][61]
[53][10][49][30][59][14][23][16]
[28][33][58][51][56][01][62][03]
[09][52][29][48][37][64][17][22]
[34][41][38][57][20][45][04][63]
[39][08][43][36][47][06][21][18]
[42][35][40][07][44][19][46][05]
Trial 83: The knight was able to successfully touch 64 squares.
[59][14][33][28][57][16][35][20]
[32][29][58][15][34][19][02][17]
[13][60][31][62][27][56][21][36]
[30][51][46][55][38][01][18][03]
[45][12][61][50][63][26][37][22]
[52][47][54][25][42][39][04][07]
[11][44][49][64][09][06][23][40]
[48][53][10][43][24][41][08][05]
Trial 84: The knight was able to successfully touch 64 squares.
[31][34][41][10][39][14][49][12]
[42][09][32][35][50][11][38][15]
[33][30][45][40][37][60][13][48]
[08][43][36][51][46][01][16][61]
[29][52][25][44][59][62][47][02]
[24][07][64][55][26][19][58][17]
[53][28][05][22][63][56][03][20]
[06][23][54][27][04][21][18][57]
Trial 85: The knight was able to successfully touch 64 squares.
[37][40][27][10][45][14][29][12]
[26][09][38][49][28][11][44][15]
[39][36][41][46][43][56][13][30]
[08][25][50][63][48][01][16][55]
[35][62][47][42][57][64][31][02]
[24][07][58][51][32][19][54][17]
[61][34][05][22][59][52][03][20]
[06][23][60][33][04][21][18][53]
Trial 86: The knight was able to successfully touch 64 squares.
[51][46][27][10][29][14][37][12]
[26][09][52][45][48][11][30][15]
[53][50][47][28][63][36][13][38]
[08][25][58][49][44][01][16][31]
[59][54][43][64][35][62][39][02]
[24][07][60][57][40][19][32][17]
[55][42][05][22][61][34][03][20]
[06][23][56][41][04][21][18][33]
Trial 87: The knight was able to successfully touch 64 squares.
[05][46][31][26][03][54][15][24]
[44][27][04][63][32][25][02][55]
[47][06][45][30][53][14][23][16]
[28][43][64][33][62][01][56][13]
[07][48][29][52][57][34][17][22]
[42][51][40][61][20][59][12][35]
[39][08][49][58][37][10][21][18]
[50][41][38][09][60][19][36][11]
Trial 88: The knight was able to successfully touch 64 squares.
[11][30][15][46][13][28][41][38]
[16][47][12][29][42][39][02][27]
[31][10][59][14][45][50][37][40]
[58][17][48][43][62][01][26][03]
[09][32][63][60][49][44][51][36]
[18][57][20][33][54][61][04][25]
[21][08][55][64][23][06][35][52]
[56][19][22][07][34][53][24][05]
Trial 89: The knight was able to successfully touch 64 squares.
[19][42][05][54][21][64][03][56]
[06][53][20][63][04][55][22][47]
[43][18][41][50][61][46][57][02]
[52][07][62][45][58][01][48][23]
[17][44][51][40][49][60][13][38]
[08][33][30][59][14][39][24][27]
[31][16][35][10][29][26][37][12]
[34][09][32][15][36][11][28][25]
Trial 90: The knight was able to successfully touch 64 squares.
[21][52][05][48][19][50][03][46]
[06][37][20][51][04][47][18][33]
[53][22][59][36][49][34][45][02]
[38][07][54][41][64][01][32][17]
[23][60][39][58][35][42][13][44]
[08][55][26][61][40][63][16][31]
[27][24][57][10][29][14][43][12]
[56][09][28][25][62][11][30][15]
Trial 91: The knight was able to successfully touch 64 squares.
[31][52][43][10][33][14][41][12]
[44][09][32][49][42][11][34][15]
[53][30][51][46][55][48][13][40]
[08][45][54][61][50][01][16][35]
[29][64][25][56][47][60][39][02]
[24][07][62][59][26][19][36][17]
[63][28][05][22][57][38][03][20]
[06][23][58][27][04][21][18][37]
Trial 92: The knight was able to successfully touch 64 squares.
[37][12][39][64][35][14][31][54]
[40][51][36][13][58][53][34][15]
[11][38][57][52][63][32][55][30]
[50][41][62][59][56][01][16][33]
[47][10][49][20][45][60][29][02]
[42][07][46][61][28][21][24][17]
[09][48][05][44][19][26][03][22]
[06][43][08][27][04][23][18][25]
Trial 93: The knight was able to successfully touch 64 squares.
[35][38][05][46][29][42][03][44]
[06][31][36][39][04][45][28][41]
[37][34][47][30][57][40][43][02]
[32][07][60][63][48][01][58][27]
[17][64][33][56][59][62][13][50]
[08][55][18][61][14][49][26][23]
[19][16][53][10][21][24][51][12]
[54][09][20][15][52][11][22][25]
Trial 94: The knight was able to successfully touch 64 squares.
[47][44][27][10][29][14][41][12]
[26][09][46][53][42][11][30][15]
[45][48][43][28][63][52][13][40]
[08][25][50][59][54][01][16][31]
[49][58][37][62][51][64][39][02]
[24][07][60][55][38][19][32][17]
[57][36][05][22][61][34][03][20]
[06][23][56][35][04][21][18][33]
Trial 95: The knight was able to successfully touch 64 squares.
[31][56][45][10][33][14][41][12]
[46][09][32][59][54][11][34][15]
[57][30][55][44][49][42][13][40]
[08][47][58][53][60][01][16][35]
[29][62][25][48][43][50][39][02]
[24][07][52][61][26][19][36][17]
[63][28][05][22][51][38][03][20]
[06][23][64][27][04][21][18][37]
Trial 96: The knight was able to successfully touch 58 squares.
[00][12][27][52][00][14][29][32]
[26][53][00][13][28][31][50][15]
[11][00][35][56][51][00][33][30]
[58][25][54][00][34][01][16][49]
[45][10][57][36][55][48][41][02]
[24][07][44][47][42][19][38][17]
[09][46][05][22][37][40][03][20]
[06][23][08][43][04][21][18][39]
Trial 97: The knight was able to successfully touch 64 squares.
[47][12][27][38][45][14][29][32]
[26][37][46][13][28][31][44][15]
[11][48][35][54][39][62][33][30]
[36][25][50][61][34][01][16][43]
[49][10][53][40][55][42][63][02]
[24][07][60][51][64][19][56][17]
[09][52][05][22][41][58][03][20]
[06][23][08][59][04][21][18][57]
Trial 98: The knight was able to successfully touch 64 squares.
[51][48][05][20][23][42][03][18]
[06][21][50][47][04][19][24][41]
[49][52][45][22][43][56][17][02]
[32][07][54][57][46][01][40][25]
[53][60][31][44][55][58][13][16]
[08][33][62][59][14][37][26][39]
[61][30][35][10][63][28][15][12]
[34][09][64][29][36][11][38][27]
Trial 99: The knight was able to successfully touch 64 squares.
[63][48][33][10][37][14][31][12]
[34][09][64][45][32][11][38][15]
[49][62][47][36][59][44][13][30]
[08][35][54][61][46][01][16][39]
[55][50][25][58][43][60][29][02]
[24][07][56][53][28][19][40][17]
[51][26][05][22][57][42][03][20]
[06][23][52][27][04][21][18][41]
Trial 100: The knight was able to successfully touch 64 squares.
[29][12][27][62][31][14][41][58]
[26][63][30][13][56][59][32][15]
[11][28][61][44][51][42][57][40]
[64][25][52][55][60][01][16][33]
[47][10][45][50][43][54][39][02]
[24][07][48][53][38][19][34][17]
[09][46][05][22][49][36][03][20]
[06][23][08][37][04][21][18][35]
Average Score: 63.84
