Trial 1: The knight was able to successfully touch 36 squares.
[00][00][35][08][00][14][05][00]
[34][00][00][03][36][07][30][00]
[00][02][09][32][15][04][13][06]
[10][33][16][01][12][31][00][29]
[00][20][11][26][17][22][00][00]
[00][00][18][21][00][25][28][23]
[19][00][00][00][27][00][00][00]
[00][00][00][00][00][00][24][00]
Trial 2: The knight was able to successfully touch 34 squares.
[00][00][00][00][00][00][00][00]
[00][09][00][27][02][00][00][00]
[00][28][00][10][00][26][03][00]
[00][11][08][01][04][17][00][25]
[29][00][05][12][00][24][33][18]
[00][07][00][00][14][21][16][23]
[00][30][13][06][00][32][19][34]
[00][00][00][31][20][15][22][00]
Trial 3: The knight was able to successfully touch 46 squares.
[00][46][00][00][03][44][41][00]
[00][31][02][45][10][39][04][43]
[13][00][11][32][05][42][37][40]
[30][33][14][01][38][09][06][00]
[15][12][29][34][07][36][00][00]
[00][21][18][00][28][25][08][00]
[19][16][23][26][35][00][00][00]
[22][00][20][17][24][27][00][00]
Trial 4: The knight was able to successfully touch 36 squares.
[00][00][00][22][00][00][03][00]
[18][23][20][00][02][00][00][00]
[25][00][17][00][21][04][00][00]
[00][19][24][01][14][00][30][05]
[00][26][00][16][29][06][13][00]
[00][35][00][27][10][15][00][31]
[00][00][09][00][33][28][07][12]
[36][00][34][00][08][11][32][00]
Trial 5: The knight was able to successfully touch 38 squares.
[00][16][00][00][00][20][00][22]
[00][00][18][15][00][23][00][00]
[17][32][05][26][19][00][21][00]
[00][27][36][01][14][09][24][00]
[33][04][31][06][25][00][13][08]
[00][37][28][35][02][07][10][00]
[00][34][03][30][00][12][00][00]
[38][29][00][00][00][00][00][11]
Trial 6: The knight was able to successfully touch 31 squares.
[00][00][00][00][29][26][00][18]
[00][00][00][00][02][17][30][27]
[00][00][03][00][25][28][19][00]
[00][00][00][01][16][00][00][31]
[00][04][00][24][00][20][15][00]
[00][00][00][11][22][13][08][00]
[05][00][23][00][07][10][21][14]
[00][00][06][00][12][00][00][09]
Trial 7: The knight was able to successfully touch 52 squares.
[29][42][25][18][37][40][00][22]
[26][17][28][41][24][21][06][39]
[43][30][19][36][05][38][23][08]
[16][27][14][01][20][07][50][00]
[31][44][35][00][13][04][09][00]
[00][15][02][47][34][49][12][51]
[45][32][00][00][03][10][00][00]
[00][00][46][33][48][00][52][11]
Trial 8: The knight was able to successfully touch 46 squares.
[09][46][29][36][11][00][33][00]
[28][37][10][19][34][31][12][00]
[45][08][35][30][00][20][00][32]
[38][27][44][01][18][13][22][00]
[43][02][07][26][21][00][00][00]
[00][39][42][05][00][17][14][23]
[00][06][03][40][25][00][00][16]
[00][41][00][00][04][15][24][00]
Trial 9: The knight was able to successfully touch 31 squares.
[00][00][31][14][00][10][00][00]
[16][00][00][09][02][13][00][00]
[00][30][15][18][11][08][00][00]
[00][17][28][01][06][03][12][00]
[29][00][05][00][19][26][07][00]
[00][00][20][27][04][00][24][00]
[00][00][00][00][25][22][00][00]
[00][00][00][21][00][00][00][23]
Trial 10: The knight was able to successfully touch 10 squares.
[03][10][00][00][00][00][00][00]
[00][00][02][05][00][00][00][00]
[09][04][07][00][00][00][00][00]
[00][00][00][01][06][00][00][00]
[00][08][00][00][00][00][00][00]
[00][00][00][00][00][00][00][00]
[00][00][00][00][00][00][00][00]
[00][00][00][00][00][00][00][00]
Trial 11: The knight was able to successfully touch 41 squares.
[00][00][00][00][00][40][31][00]
[28][00][02][15][30][07][36][41]
[03][16][29][06][09][34][39][32]
[22][27][04][01][14][37][08][35]
[17][00][21][10][05][00][33][38]
[26][23][18][00][00][13][00][00]
[00][20][25][00][11][00][00][00]
[24][00][00][19][00][00][12][00]
Trial 12: The knight was able to successfully touch 47 squares.
[00][00][03][20][45][00][00][00]
[04][19][00][33][00][43][46][41]
[00][02][05][44][21][40][31][00]
[18][00][34][01][32][00][42][47]
[35][06][37][22][13][26][39][30]
[08][17][14][27][38][00][12][25]
[15][36][07][10][23][00][29][00]
[00][09][16][00][28][11][24][00]
Trial 13: The knight was able to successfully touch 44 squares.
[00][12][19][00][00][24][07][00]
[20][00][22][11][02][05][00][25]
[15][18][13][04][23][08][00][06]
[00][21][16][01][10][03][26][00]
[17][14][00][32][00][34][09][00]
[00][00][40][37][30][43][00][27]
[39][00][31][42][33][28][35][00]
[00][41][38][29][36][00][44][00]
Trial 14: The knight was able to successfully touch 32 squares.
[00][00][19][22][00][24][31][26]
[20][00][00][00][32][27][00][29]
[00][18][21][00][23][30][25][00]
[00][00][16][01][00][09][28][13]
[17][00][00][08][15][12][00][10]
[00][00][00][00][02][05][14][00]
[00][00][07][00][00][00][11][04]
[00][00][00][00][06][03][00][00]
Trial 15: The knight was able to successfully touch 31 squares.
[31][28][03][06][00][26][00][00]
[04][00][30][27][00][07][24][00]
[29][02][05][00][25][00][00][00]
[00][11][00][01][08][17][00][23]
[00][00][09][12][00][00][00][18]
[10][13][00][00][16][19][22][00]
[00][00][15][20][00][00][00][00]
[14][00][00][00][00][21][00][00]
Trial 16: The knight was able to successfully touch 30 squares.
[00][00][25][00][00][00][27][30]
[24][00][00][00][26][29][00][00]
[00][02][23][00][00][00][17][28]
[00][00][00][01][16][19][00][00]
[03][22][00][00][00][00][13][18]
[00][09][06][15][20][00][00][00]
[00][04][21][10][07][14][00][12]
[00][00][08][05][00][11][00][00]
Trial 17: The knight was able to successfully touch 17 squares.
[17][00][00][00][00][00][00][00]
[00][00][16][03][00][00][00][00]
[00][02][00][00][00][04][00][00]
[00][15][06][01][10][00][00][00]
[07][00][00][00][05][00][00][00]
[00][00][14][09][00][11][00][00]
[00][08][00][12][00][00][00][00]
[00][13][00][00][00][00][00][00]
Trial 18: The knight was able to successfully touch 36 squares.
[11][00][13][00][00][00][00][00]
[14][00][10][00][00][00][00][00]
[00][12][15][18][00][20][00][00]
[00][09][00][01][26][17][00][21]
[07][02][05][16][19][22][33][00]
[04][00][08][27][34][25][30][00]
[00][06][03][00][23][28][35][32]
[00][00][00][00][36][31][24][29]
Trial 19: The knight was able to successfully touch 32 squares.
[00][00][11][06][00][04][09][00]
[12][00][00][03][10][07][18][00]
[00][00][13][00][05][02][15][08]
[00][00][00][01][14][17][00][19]
[00][00][00][00][00][26][31][16]
[00][00][00][27][30][23][20][00]
[00][00][00][22][00][28][25][32]
[00][00][00][29][24][21][00][00]
Trial 20: The knight was able to successfully touch 32 squares.
[00][00][03][00][00][00][00][00]
[04][00][08][00][00][00][00][00]
[09][02][05][00][25][00][00][00]
[00][07][24][01][00][00][30][00]
[23][10][00][06][15][26][19][00]
[00][00][12][21][00][29][14][31]
[11][22][00][16][13][20][27][18]
[00][00][00][00][28][17][32][00]
Trial 21: The knight was able to successfully touch 13 squares.
[13][00][11][00][03][00][00][00]
[10][00][02][00][00][00][00][00]
[00][12][09][04][00][00][00][00]
[00][05][00][01][08][00][00][00]
[00][00][00][06][00][00][00][00]
[00][00][00][00][00][07][00][00]
[00][00][00][00][00][00][00][00]
[00][00][00][00][00][00][00][00]
Trial 22: The knight was able to successfully touch 25 squares.
[00][00][00][00][00][00][00][00]
[00][00][02][00][00][05][00][07]
[00][00][00][04][00][08][00][00]
[00][03][22][01][00][00][06][09]
[21][00][00][00][23][10][13][00]
[00][00][18][00][12][00][24][15]
[00][20][00][00][17][14][11][00]
[00][00][00][19][00][00][16][25]
Trial 23: The knight was able to successfully touch 11 squares.
[11][00][00][04][00][08][00][06]
[00][00][02][09][00][05][00][00]
[00][10][00][00][03][00][07][00]
[00][00][00][01][00][00][00][00]
[00][00][00][00][00][00][00][00]
[00][00][00][00][00][00][00][00]
[00][00][00][00][00][00][00][00]
[00][00][00][00][00][00][00][00]
Trial 24: The knight was able to successfully touch 31 squares.
[03][00][31][28][05][00][15][12]
[30][27][04][00][14][11][06][00]
[00][02][29][08][00][18][13][16]
[00][00][26][01][10][07][00][19]
[25][00][09][00][00][00][17][00]
[00][00][00][23][00][00][20][00]
[00][24][00][00][00][22][00][00]
[00][00][00][00][00][00][00][21]
Trial 25: The knight was able to successfully touch 40 squares.
[00][36][00][00][09][06][00][00]
[00][00][08][05][00][31][00][00]
[35][00][37][30][07][10][00][00]
[38][00][34][01][04][29][32][11]
[00][20][17][28][33][00][03][26]
[18][39][14][23][02][27][12][00]
[21][00][19][16][13][00][25][00]
[40][15][22][00][24][00][00][00]
Average Score: 32.88
