Trial 1: The knight was able to successfully touch 64 squares.
[24][15][54][13][26][31][46][11]
[55][02][25][32][63][12][27][44]
[16][23][14][53][30][45][10][47]
[03][56][01][62][33][64][43][28]
[22][17][34][57][52][29][48][09]
[35][04][59][20][61][40][51][42]
[18][21][06][37][58][49][08][39]
[05][36][19][60][07][38][41][50]
Trial 2: The knight was able to successfully touch 64 squares.
[34][31][16][47][20][29][14][49]
[17][02][33][30][15][48][21][28]
[32][35][54][19][46][27][50][13]
[03][18][01][52][61][56][45][22]
[36][53][60][55][26][51][12][57]
[07][04][39][64][59][62][23][44]
[40][37][06][09][42][25][58][11]
[05][08][41][38][63][10][43][24]
Trial 3: The knight was able to successfully touch 64 squares.
[18][03][46][23][20][05][34][37]
[45][24][19][04][47][36][21][06]
[02][17][44][59][22][33][38][35]
[25][62][01][48][43][64][07][32]
[16][13][60][63][58][31][42][39]
[61][26][57][14][49][40][53][08]
[12][15][28][55][10][51][30][41]
[27][56][11][50][29][54][09][52]
Trial 4: The knight was able to successfully touch 64 squares.
[20][17][38][03][22][07][44][05]
[37][02][21][18][43][04][23][08]
[16][19][52][39][24][41][06][45]
[53][36][01][42][51][46][09][26]
[32][15][54][61][40][25][56][47]
[35][62][33][50][55][60][27][10]
[14][31][64][59][12][29][48][57]
[63][34][13][30][49][58][11][28]
Trial 5: The knight was able to successfully touch 64 squares.
[40][31][14][29][46][49][12][51]
[15][28][41][38][13][52][59][48]
[32][39][30][45][60][47][50][11]
[27][16][01][42][37][62][53][58]
[02][33][26][61][44][57][10][63]
[17][20][43][36][25][64][07][54]
[34][03][22][19][56][05][24][09]
[21][18][35][04][23][08][55][06]
Trial 6: The knight was able to successfully touch 64 squares.
[30][03][62][19][32][05][34][53]
[61][18][31][04][63][52][21][06]
[02][29][64][51][20][33][54][35]
[17][60][01][48][55][58][07][22]
[28][13][42][59][50][47][36][57]
[41][16][49][46][43][56][23][08]
[12][27][14][39][10][25][44][37]
[15][40][11][26][45][38][09][24]
Trial 7: The knight was able to successfully touch 64 squares.
[24][03][22][19][26][05][62][47]
[21][18][25][04][61][48][27][06]
[02][23][20][49][28][59][46][63]
[17][30][01][60][57][64][07][40]
[34][13][56][29][50][41][58][45]
[31][16][33][42][55][52][39][08]
[12][35][14][51][10][37][44][53]
[15][32][11][36][43][54][09][38]
Trial 8: The knight was able to successfully touch 64 squares.
[24][15][56][03][26][31][46][05]
[57][02][25][32][61][04][27][44]
[16][23][14][55][30][45][06][47]
[13][58][01][62][33][60][43][28]
[22][17][34][59][54][29][48][07]
[35][12][63][20][49][40][53][42]
[18][21][10][37][64][51][08][39]
[11][36][19][50][09][38][41][52]
Trial 9: The knight was able to successfully touch 64 squares.
[12][49][14][39][10][41][34][31]
[15][38][11][50][35][32][09][42]
[48][13][52][37][40][45][30][33]
[53][16][01][46][51][36][43][08]
[02][47][54][61][44][25][56][29]
[17][62][19][26][55][60][07][24]
[20][03][64][59][22][05][28][57]
[63][18][21][04][27][58][23][06]
Trial 10: The knight was able to successfully touch 64 squares.
[30][03][46][19][32][05][50][21]
[45][18][31][04][53][20][33][06]
[02][29][60][47][34][49][22][51]
[17][44][01][54][59][52][07][36]
[28][13][64][61][48][35][58][23]
[43][16][41][26][55][62][37][08]
[12][27][14][63][10][39][24][57]
[15][42][11][40][25][56][09][38]
Trial 11: The knight was able to successfully touch 64 squares.
[24][15][54][03][26][31][46][05]
[55][02][25][32][63][04][27][44]
[16][23][14][53][30][45][06][47]
[13][56][01][62][33][64][43][28]
[22][17][34][57][52][29][48][07]
[35][12][59][20][61][40][51][42]
[18][21][10][37][58][49][08][39]
[11][36][19][60][09][38][41][50]
Trial 12: The knight was able to successfully touch 64 squares.
[36][21][16][61][34][59][14][63]
[17][02][35][58][15][62][33][52]
[22][37][20][43][60][53][64][13]
[03][18][01][54][57][46][51][32]
[38][23][44][19][42][55][12][47]
[07][04][41][56][45][50][31][28]
[24][39][06][09][26][29][48][11]
[05][08][25][40][49][10][27][30]
Trial 13: The knight was able to successfully touch 64 squares.
[30][27][16][61][20][25][14][51]
[17][02][29][26][15][50][21][24]
[28][31][62][19][60][23][52][13]
[03][18][01][38][63][58][49][22]
[32][39][34][59][48][53][12][57]
[07][04][37][54][35][64][47][44]
[40][33][06][09][42][45][56][11]
[05][08][41][36][55][10][43][46]
Trial 14: The knight was able to successfully touch 64 squares.
[24][03][34][19][22][05][48][37]
[33][18][23][04][47][36][21][06]
[02][25][52][35][20][45][38][49]
[17][32][01][46][53][50][07][44]
[26][13][54][51][60][43][56][39]
[31][16][29][42][55][64][59][08]
[12][27][14][61][10][57][40][63]
[15][30][11][28][41][62][09][58]
Trial 15: The knight was able to successfully touch 64 squares.
[12][41][14][31][10][53][50][29]
[15][32][11][52][43][30][09][54]
[40][13][42][59][56][51][28][49]
[33][16][01][44][63][58][55][08]
[02][39][62][57][60][25][48][27]
[17][34][19][38][45][64][07][24]
[20][03][36][61][22][05][26][47]
[35][18][21][04][37][46][23][06]
Trial 16: The knight was able to successfully touch 64 squares.
[46][03][24][27][60][05][22][19]
[25][28][47][04][23][20][59][06]
[02][45][26][53][48][61][18][21]
[29][50][01][64][55][58][07][62]
[44][13][54][49][52][63][56][17]
[33][30][51][14][57][36][39][08]
[12][43][32][35][10][41][16][37]
[31][34][11][42][15][38][09][40]
Trial 17: The knight was able to successfully touch 64 squares.
[12][41][14][29][10][27][50][57]
[15][30][11][42][51][58][09][26]
[40][13][52][59][28][43][56][49]
[31][16][01][44][63][54][25][08]
[02][39][62][53][60][37][48][55]
[17][32][19][38][45][64][07][24]
[20][03][34][61][22][05][36][47]
[33][18][21][04][35][46][23][06]
Trial 18: The knight was able to successfully touch 64 squares.
[12][29][14][39][10][27][44][49]
[15][38][11][28][43][48][09][26]
[30][13][42][47][40][45][50][57]
[37][16][01][52][59][56][25][08]
[02][31][60][41][46][51][58][55]
[17][36][19][32][53][62][07][24]
[20][03][34][61][22][05][54][63]
[35][18][21][04][33][64][23][06]
Trial 19: The knight was able to successfully touch 64 squares.
[12][41][14][33][10][43][50][31]
[15][34][11][42][49][32][09][44]
[40][13][48][53][46][55][30][51]
[35][16][01][56][61][52][45][08]
[02][39][64][47][54][25][60][29]
[17][36][19][26][57][62][07][24]
[20][03][38][63][22][05][28][59]
[37][18][21][04][27][58][23][06]
Trial 20: The knight was able to successfully touch 64 squares.
[12][31][14][49][10][33][36][47]
[15][54][11][32][43][48][09][34]
[30][13][56][53][50][35][46][37]
[55][16][01][42][57][44][51][08]
[02][29][58][61][52][25][38][45]
[17][62][19][28][41][60][07][24]
[20][03][64][59][22][05][26][39]
[63][18][21][04][27][40][23][06]
Trial 21: The knight was able to successfully touch 64 squares.
[56][03][24][27][52][05][22][19]
[25][28][55][04][23][20][51][06]
[02][57][26][53][48][45][18][21]
[29][54][01][58][37][50][07][46]
[62][13][60][49][44][47][38][17]
[33][30][63][14][59][36][41][08]
[12][61][32][35][10][43][16][39]
[31][34][11][64][15][40][09][42]
Trial 22: The knight was able to successfully touch 64 squares.
[30][03][58][19][32][05][38][21]
[59][18][31][04][63][20][33][06]
[02][29][64][57][34][37][22][39]
[17][60][01][48][53][62][07][36]
[28][13][52][61][56][35][40][23]
[51][16][49][26][47][54][43][08]
[12][27][14][55][10][45][24][41]
[15][50][11][46][25][42][09][44]
Trial 23: The knight was able to successfully touch 64 squares.
[34][31][14][43][36][41][12][57]
[15][44][35][32][13][56][37][40]
[30][33][46][55][42][39][58][11]
[45][16][01][64][53][60][51][38]
[02][29][54][47][20][63][10][59]
[17][24][21][28][61][52][07][50]
[22][03][26][19][48][05][62][09]
[25][18][23][04][27][08][49][06]
Trial 24: The knight was able to successfully touch 64 squares.
[36][17][22][03][64][07][24][05]
[21][02][37][18][23][04][39][08]
[16][35][20][63][38][61][06][25]
[53][58][01][60][19][48][09][40]
[34][15][54][47][62][41][26][45]
[57][52][59][42][49][46][29][10]
[14][33][50][55][12][31][44][27]
[51][56][13][32][43][28][11][30]
Trial 25: The knight was able to successfully touch 64 squares.
[64][21][16][49][60][57][14][47]
[17][02][61][56][15][48][33][58]
[22][63][20][53][50][59][46][13]
[03][18][01][62][55][34][51][32]
[42][23][54][19][52][45][12][35]
[07][04][41][44][39][36][31][28]
[24][43][06][09][26][29][38][11]
[05][08][25][40][37][10][27][30]
Trial 26: The knight was able to successfully touch 64 squares.
[12][49][14][39][10][41][34][31]
[15][38][11][50][35][32][09][42]
[48][13][64][37][40][45][30][33]
[59][16][01][46][51][36][43][08]
[02][47][60][63][44][25][52][29]
[17][58][19][26][55][62][07][24]
[20][03][56][61][22][05][28][53]
[57][18][21][04][27][54][23][06]
Trial 27: The knight was able to successfully touch 64 squares.
[30][33][16][03][60][35][18][05]
[15][02][31][34][17][04][21][36]
[32][29][14][59][38][61][06][19]
[13][40][01][62][55][20][37][22]
[28][53][58][39][64][49][56][07]
[41][12][63][54][57][46][23][48]
[52][27][10][43][50][25][08][45]
[11][42][51][26][09][44][47][24]
Trial 28: The knight was able to successfully touch 64 squares.
[30][03][64][19][36][05][38][21]
[63][18][31][04][49][20][35][06]
[02][29][52][61][32][37][22][39]
[17][62][01][48][53][50][07][34]
[28][13][60][51][56][33][40][23]
[59][16][57][26][47][54][43][08]
[12][27][14][55][10][45][24][41]
[15][58][11][46][25][42][09][44]
Trial 29: The knight was able to successfully touch 64 squares.
[46][41][14][31][60][27][12][29]
[15][32][47][44][13][30][61][26]
[40][45][42][57][48][59][28][11]
[33][16][01][64][43][56][25][62]
[02][39][52][49][58][63][10][55]
[17][34][19][38][53][50][07][24]
[20][03][36][51][22][05][54][09]
[35][18][21][04][37][08][23][06]
Trial 30: The knight was able to successfully touch 64 squares.
[12][31][14][49][10][33][36][45]
[15][50][11][32][43][46][09][34]
[30][13][60][51][48][35][44][37]
[55][16][01][42][61][64][47][08]
[02][29][54][59][52][25][38][63]
[17][56][19][28][41][62][07][24]
[20][03][58][53][22][05][26][39]
[57][18][21][04][27][40][23][06]
Trial 31: The knight was able to successfully touch 64 squares.
[12][39][14][49][10][37][32][29]
[15][48][11][38][33][30][09][36]
[40][13][56][53][50][35][28][31]
[47][16][01][34][57][54][51][08]
[02][41][58][55][52][25][64][27]
[17][46][19][42][63][60][07][24]
[20][03][44][59][22][05][26][61]
[45][18][21][04][43][62][23][06]
Trial 32: The knight was able to successfully touch 64 squares.
[36][03][38][29][52][05][40][43]
[33][28][35][04][39][42][51][06]
[02][37][32][53][30][61][44][41]
[27][34][01][64][45][50][07][62]
[58][13][54][31][60][63][46][17]
[23][26][59][14][55][18][49][08]
[12][57][24][21][10][47][16][19]
[25][22][11][56][15][20][09][48]
Trial 33: The knight was able to successfully touch 64 squares.
[36][17][22][03][38][07][24][05]
[21][02][37][18][23][04][41][08]
[16][35][20][57][42][39][06][25]
[61][58][01][52][19][50][09][40]
[34][15][60][49][56][43][26][47]
[59][62][53][44][51][48][29][10]
[14][33][64][55][12][31][46][27]
[63][54][13][32][45][28][11][30]
Trial 34: The knight was able to successfully touch 64 squares.
[30][33][38][13][52][15][40][11]
[37][02][31][34][39][12][53][16]
[32][29][36][51][14][55][10][41]
[03][50][01][62][35][48][17][54]
[28][63][26][49][56][61][42][09]
[25][04][57][64][43][20][47][18]
[58][27][06][23][60][45][08][21]
[05][24][59][44][07][22][19][46]
Trial 35: The knight was able to successfully touch 64 squares.
[18][03][38][43][20][05][24][49]
[37][44][19][04][39][48][21][06]
[02][17][46][61][42][23][50][25]
[45][36][01][40][47][60][07][22]
[16][13][62][55][64][41][26][51]
[35][56][33][14][59][54][29][08]
[12][15][58][63][10][31][52][27]
[57][34][11][32][53][28][09][30]
Trial 36: The knight was able to successfully touch 64 squares.
[44][47][14][29][36][41][12][27]
[15][30][45][42][13][28][37][40]
[46][43][48][35][52][39][26][11]
[31][16][01][56][49][34][53][38]
[02][57][32][51][54][61][10][25]
[17][20][55][60][33][50][07][62]
[58][03][22][19][64][05][24][09]
[21][18][59][04][23][08][63][06]
Trial 37: The knight was able to successfully touch 64 squares.
[20][59][16][55][26][51][14][53]
[17][02][19][58][15][54][27][42]
[60][21][56][25][50][43][52][13]
[03][18][01][46][57][34][41][28]
[22][61][24][49][44][47][12][35]
[07][04][45][64][33][38][29][40]
[62][23][06][09][48][31][36][11]
[05][08][63][32][37][10][39][30]
Trial 38: The knight was able to successfully touch 64 squares.
[56][03][36][21][64][05][38][19]
[35][22][57][04][37][20][63][06]
[02][55][34][61][48][45][18][39]
[23][50][01][58][33][62][07][46]
[54][13][60][49][44][47][40][17]
[27][24][51][14][59][32][43][08]
[12][53][26][29][10][41][16][31]
[25][28][11][52][15][30][09][42]
Trial 39: The knight was able to successfully touch 64 squares.
[36][03][34][19][38][05][60][43]
[33][18][37][04][61][42][21][06]
[02][35][52][41][20][39][44][59]
[17][32][01][64][53][62][07][22]
[28][13][54][51][40][45][58][49]
[31][16][29][46][63][50][23][08]
[12][27][14][55][10][25][48][57]
[15][30][11][26][47][56][09][24]
Trial 40: The knight was able to successfully touch 64 squares.
[32][63][16][21][30][25][14][23]
[17][02][31][62][15][22][29][26]
[64][33][20][39][28][51][24][13]
[03][18][01][58][61][40][27][52]
[34][59][38][19][50][53][12][41]
[07][04][57][60][37][44][49][46]
[56][35][06][09][54][47][42][11]
[05][08][55][36][43][10][45][48]
Trial 41: The knight was able to successfully touch 64 squares.
[32][59][16][21][30][25][14][23]
[17][02][31][60][15][22][29][26]
[58][33][20][37][28][53][24][13]
[03][18][01][56][61][38][27][54]
[34][57][36][19][52][55][12][39]
[07][04][43][64][41][62][51][48]
[44][35][06][09][46][49][40][11]
[05][08][45][42][63][10][47][50]
Trial 42: The knight was able to successfully touch 64 squares.
[28][03][54][35][30][05][52][63]
[55][36][29][04][53][62][31][06]
[02][27][60][57][34][49][64][51]
[37][56][01][46][61][58][07][32]
[26][13][44][59][48][33][50][17]
[41][38][47][14][45][18][21][08]
[12][25][40][43][10][23][16][19]
[39][42][11][24][15][20][09][22]
Trial 43: The knight was able to successfully touch 64 squares.
[38][03][36][19][44][05][58][21]
[35][18][39][04][55][20][45][06]
[02][37][34][43][40][59][22][57]
[17][42][01][54][33][56][07][46]
[50][13][32][41][64][47][60][23]
[31][16][51][48][53][26][63][08]
[12][49][14][29][10][61][24][27]
[15][30][11][52][25][28][09][62]
Trial 44: The knight was able to successfully touch 64 squares.
[24][03][22][19][26][05][42][63]
[21][18][25][04][53][64][27][06]
[02][23][20][49][28][41][62][43]
[17][30][01][52][61][54][07][40]
[34][13][50][29][48][59][44][55]
[31][16][33][60][51][56][39][08]
[12][35][14][47][10][37][58][45]
[15][32][11][36][57][46][09][38]
Trial 45: The knight was able to successfully touch 64 squares.
[46][41][14][31][64][27][12][29]
[15][32][47][44][13][30][63][26]
[40][45][42][59][48][61][28][11]
[33][16][01][54][43][58][25][62]
[02][39][52][49][60][55][10][57]
[17][34][19][38][53][50][07][24]
[20][03][36][51][22][05][56][09]
[35][18][21][04][37][08][23][06]
Trial 46: The knight was able to successfully touch 64 squares.
[62][49][28][13][60][15][30][11]
[27][02][61][52][29][12][39][16]
[48][63][50][59][14][53][10][31]
[03][26][01][64][51][40][17][38]
[56][47][58][41][54][43][32][09]
[25][04][55][44][33][20][37][18]
[46][57][06][23][42][35][08][21]
[05][24][45][34][07][22][19][36]
Trial 47: The knight was able to successfully touch 64 squares.
[50][03][22][19][48][05][24][27]
[21][18][49][04][23][26][41][06]
[02][51][20][59][40][47][28][25]
[17][38][01][52][45][60][07][42]
[54][13][58][39][64][43][46][29]
[37][16][53][44][57][32][61][08]
[12][55][14][35][10][63][30][33]
[15][36][11][56][31][34][09][62]
Trial 48: The knight was able to successfully touch 64 squares.
[12][51][14][33][10][39][42][31]
[15][34][11][50][55][32][09][40]
[52][13][56][35][38][41][30][43]
[57][16][01][54][49][60][37][08]
[02][53][58][61][36][25][44][29]
[17][62][19][26][59][48][07][24]
[20][03][64][47][22][05][28][45]
[63][18][21][04][27][46][23][06]
Trial 49: The knight was able to successfully touch 64 squares.
[20][47][16][53][36][45][14][43]
[17][02][19][46][15][42][37][40]
[48][21][54][35][52][39][44][13]
[03][18][01][50][59][56][41][38]
[22][49][58][55][34][51][12][63]
[07][04][25][60][57][62][33][30]
[26][23][06][09][28][31][64][11]
[05][08][27][24][61][10][29][32]
Trial 50: The knight was able to successfully touch 64 squares.
[56][53][14][37][58][33][12][35]
[15][38][57][54][13][36][63][32]
[52][55][48][41][62][59][34][11]
[39][16][01][60][49][26][31][64]
[02][51][40][47][42][61][10][27]
[17][20][43][50][25][28][07][30]
[44][03][22][19][46][05][24][09]
[21][18][45][04][23][08][29][06]
Trial 51: The knight was able to successfully touch 64 squares.
[56][03][22][19][54][05][24][27]
[21][18][55][04][23][26][43][06]
[02][57][20][53][40][51][28][25]
[17][38][01][64][49][44][07][42]
[58][13][60][39][52][41][50][29]
[37][16][63][48][61][32][45][08]
[12][59][14][35][10][47][30][33]
[15][36][11][62][31][34][09][46]
Trial 52: The knight was able to successfully touch 64 squares.
[12][31][14][45][10][33][36][63]
[15][46][11][32][53][62][09][34]
[30][13][54][61][44][35][64][37]
[47][16][01][52][59][56][43][08]
[02][29][60][55][42][25][38][57]
[17][48][19][28][51][58][07][24]
[20][03][50][41][22][05][26][39]
[49][18][21][04][27][40][23][06]
Trial 53: The knight was able to successfully touch 64 squares.
[28][31][16][13][46][33][18][11]
[15][02][29][32][17][12][47][34]
[30][27][14][45][48][55][10][19]
[03][44][01][60][39][50][35][56]
[26][61][40][49][54][57][20][09]
[43][04][59][64][23][38][51][36]
[62][25][06][41][58][53][08][21]
[05][42][63][24][07][22][37][52]
Trial 54: The knight was able to successfully touch 64 squares.
[36][17][22][03][42][07][24][05]
[21][02][37][18][23][04][41][08]
[16][35][20][51][38][43][06][25]
[63][56][01][44][19][50][09][40]
[34][15][64][57][52][39][26][49]
[55][62][45][32][47][58][29][10]
[14][33][60][53][12][31][48][27]
[61][54][13][46][59][28][11][30]
Trial 55: The knight was able to successfully touch 64 squares.
[44][17][54][03][42][07][48][05]
[55][02][43][18][47][04][41][08]
[16][45][56][53][40][37][06][49]
[57][60][01][46][19][52][09][38]
[32][15][58][61][36][39][50][23]
[59][64][33][20][51][24][27][10]
[14][31][62][35][12][29][22][25]
[63][34][13][30][21][26][11][28]
Trial 56: The knight was able to successfully touch 64 squares.
[38][17][22][03][42][07][24][05]
[21][02][39][18][23][04][41][08]
[16][37][20][51][40][43][06][25]
[57][64][01][46][19][50][09][44]
[36][15][56][63][52][45][26][49]
[55][58][35][32][47][62][29][10]
[14][33][60][53][12][31][48][27]
[59][54][13][34][61][28][11][30]
Trial 57: The knight was able to successfully touch 64 squares.
[30][27][16][63][20][25][14][61]
[17][02][29][26][15][62][21][24]
[28][31][64][19][56][23][60][13]
[03][18][01][48][59][40][51][22]
[32][47][34][57][50][55][12][41]
[07][04][49][44][35][58][39][52]
[46][33][06][09][54][37][42][11]
[05][08][45][36][43][10][53][38]
Trial 58: The knight was able to successfully touch 64 squares.
[12][37][14][29][10][27][46][51]
[15][30][11][48][45][52][09][26]
[38][13][36][59][28][47][50][53]
[31][16][01][44][49][58][25][08]
[02][39][64][35][60][43][54][57]
[17][32][19][40][63][56][07][24]
[20][03][34][61][22][05][42][55]
[33][18][21][04][41][62][23][06]
Trial 59: The knight was able to successfully touch 64 squares.
[20][17][46][03][24][07][30][05]
[45][02][21][18][29][04][23][08]
[16][19][44][47][22][25][06][31]
[63][58][01][28][43][48][09][26]
[52][15][64][59][54][27][32][41]
[57][62][53][38][49][42][35][10]
[14][51][60][55][12][37][40][33]
[61][56][13][50][39][34][11][36]
Trial 60: The knight was able to successfully touch 64 squares.
[46][03][34][19][48][05][36][21]
[33][18][47][04][35][20][29][06]
[02][45][32][49][30][55][22][37]
[17][50][01][56][59][38][07][28]
[44][13][60][31][54][27][58][23]
[51][16][53][26][57][64][39][08]
[12][43][14][61][10][41][24][63]
[15][52][11][42][25][62][09][40]
Trial 61: The knight was able to successfully touch 64 squares.
[24][03][22][19][56][05][60][49]
[21][18][25][04][59][48][55][06]
[02][23][20][47][26][57][50][61]
[17][28][01][58][45][64][07][54]
[32][13][46][27][38][53][62][51]
[29][16][31][44][63][42][37][08]
[12][33][14][39][10][35][52][41]
[15][30][11][34][43][40][09][36]
Trial 62: The knight was able to successfully touch 64 squares.
[12][29][14][39][10][27][44][37]
[15][40][11][28][55][38][09][26]
[30][13][54][41][60][43][36][45]
[53][16][01][58][51][56][25][08]
[02][31][52][61][42][59][46][35]
[17][62][19][32][57][50][07][24]
[20][03][64][49][22][05][34][47]
[63][18][21][04][33][48][23][06]
Trial 63: The knight was able to successfully touch 64 squares.
[12][61][14][29][10][27][54][39]
[15][30][11][62][55][40][09][26]
[60][13][64][41][28][53][38][51]
[31][16][01][56][63][50][25][08]
[02][59][44][49][42][57][52][37]
[17][32][19][58][45][48][07][24]
[20][03][34][43][22][05][36][47]
[33][18][21][04][35][46][23][06]
Trial 64: The knight was able to successfully touch 64 squares.
[12][29][14][55][10][27][42][63]
[15][58][11][28][51][64][09][26]
[30][13][56][59][54][41][62][43]
[57][16][01][52][61][50][25][08]
[02][31][60][49][40][53][44][35]
[17][48][19][32][45][36][07][24]
[20][03][46][39][22][05][34][37]
[47][18][21][04][33][38][23][06]
Trial 65: The knight was able to successfully touch 64 squares.
[30][33][62][13][40][15][38][11]
[61][02][31][34][63][12][41][16]
[32][29][64][57][14][39][10][37]
[03][60][01][48][35][58][17][42]
[28][47][26][59][56][43][36][09]
[25][04][55][44][49][20][53][18]
[46][27][06][23][54][51][08][21]
[05][24][45][50][07][22][19][52]
Trial 66: The knight was able to successfully touch 64 squares.
[40][37][28][13][30][15][48][11]
[27][02][39][46][53][12][31][16]
[38][41][36][29][14][47][10][49]
[03][26][01][54][45][52][17][32]
[42][55][44][35][64][33][50][09]
[25][04][59][56][51][20][63][18]
[58][43][06][23][34][61][08][21]
[05][24][57][60][07][22][19][62]
Trial 67: The knight was able to successfully touch 64 squares.
[20][17][40][03][22][07][28][05]
[39][02][21][18][41][04][23][08]
[16][19][38][55][24][27][06][29]
[63][54][01][42][37][52][09][26]
[44][15][64][53][56][25][30][51]
[59][62][43][36][47][50][33][10]
[14][45][60][57][12][35][48][31]
[61][58][13][46][49][32][11][34]
Trial 68: The knight was able to successfully touch 64 squares.
[52][63][14][31][36][49][12][29]
[15][32][53][50][13][30][37][48]
[64][51][62][35][54][39][28][11]
[33][16][01][56][59][26][47][38]
[02][57][34][61][40][55][10][27]
[17][20][41][58][25][60][07][46]
[42][03][22][19][44][05][24][09]
[21][18][43][04][23][08][45][06]
Trial 69: The knight was able to successfully touch 64 squares.
[30][03][50][19][32][05][34][37]
[49][18][31][04][51][36][21][06]
[02][29][52][55][20][33][38][35]
[17][48][01][44][61][54][07][22]
[28][13][62][53][56][43][64][39]
[47][16][45][42][63][60][23][08]
[12][27][14][57][10][25][40][59]
[15][46][11][26][41][58][09][24]
Trial 70: The knight was able to successfully touch 64 squares.
[44][29][14][39][58][27][12][63]
[15][38][43][28][13][64][51][26]
[30][45][40][59][42][57][62][11]
[37][16][01][46][61][52][25][50]
[02][31][60][41][56][49][10][53]
[17][36][19][32][47][54][07][24]
[20][03][34][55][22][05][48][09]
[35][18][21][04][33][08][23][06]
Trial 71: The knight was able to successfully touch 64 squares.
[18][03][42][23][20][05][46][49]
[41][24][19][04][55][48][21][06]
[02][17][54][43][22][45][50][47]
[25][40][01][56][61][52][07][32]
[16][13][64][53][44][31][60][51]
[39][26][37][14][57][62][33][08]
[12][15][28][63][10][35][30][59]
[27][38][11][36][29][58][09][34]
Trial 72: The knight was able to successfully touch 64 squares.
[58][55][16][03][28][49][18][05]
[15][02][57][54][17][04][29][50]
[56][59][14][27][48][53][06][19]
[13][26][01][62][43][38][51][30]
[60][63][42][37][52][47][20][07]
[25][12][61][44][39][36][31][34]
[64][41][10][23][46][33][08][21]
[11][24][45][40][09][22][35][32]
Trial 73: The knight was able to successfully touch 64 squares.
[24][15][54][03][26][31][46][05]
[55][02][25][32][63][04][27][44]
[16][23][14][53][30][45][06][47]
[13][56][01][64][33][62][43][28]
[22][17][34][57][52][29][48][07]
[35][12][59][20][61][40][51][42]
[18][21][10][37][58][49][08][39]
[11][36][19][60][09][38][41][50]
Trial 74: The knight was able to successfully touch 62 squares.
[30][27][16][59][20][25][14][49]
[17][02][29][26][15][48][21][24]
[28][31][58][19][60][23][50][13]
[03][18][01][00][51][56][47][22]
[32][00][34][57][46][61][12][55]
[07][04][37][52][35][54][45][42]
[38][33][06][09][40][43][62][11]
[05][08][39][36][53][10][41][44]
Trial 75: The knight was able to successfully touch 64 squares.
[18][03][42][23][20][05][58][61]
[41][24][19][04][57][60][21][06]
[02][17][52][43][22][55][62][59]
[25][40][01][56][53][64][07][32]
[16][13][46][51][44][31][54][63]
[39][26][37][14][47][50][33][08]
[12][15][28][45][10][35][30][49]
[27][38][11][36][29][48][09][34]
Trial 76: The knight was able to successfully touch 64 squares.
[46][03][22][19][44][05][24][27]
[21][18][45][04][23][26][43][06]
[02][47][20][53][40][61][28][25]
[17][38][01][64][51][54][07][42]
[48][13][52][39][62][41][60][29]
[37][16][63][50][59][32][55][08]
[12][49][14][35][10][57][30][33]
[15][36][11][58][31][34][09][56]
Trial 77: The knight was able to successfully touch 64 squares.
[42][03][24][27][64][05][22][19]
[25][28][43][04][23][20][61][06]
[02][41][26][63][46][59][18][21]
[29][44][01][48][37][62][07][60]
[40][13][38][45][58][47][54][17]
[33][30][49][14][51][36][57][08]
[12][39][32][35][10][55][16][53]
[31][34][11][50][15][52][09][56]
Trial 78: The knight was able to successfully touch 64 squares.
[12][49][14][39][10][41][34][31]
[15][38][11][50][35][32][09][42]
[48][13][60][37][40][45][30][33]
[59][16][01][46][51][36][43][08]
[02][47][58][61][44][25][52][29]
[17][64][19][26][57][54][07][24]
[20][03][62][55][22][05][28][53]
[63][18][21][04][27][56][23][06]
Trial 79: The knight was able to successfully touch 64 squares.
[32][29][14][41][36][27][12][51]
[15][42][31][28][13][52][37][26]
[30][33][44][61][40][35][50][11]
[43][16][01][34][53][60][25][38]
[02][45][62][55][64][39][10][49]
[17][56][19][46][59][54][07][24]
[20][03][58][63][22][05][48][09]
[57][18][21][04][47][08][23][06]
Trial 80: The knight was able to successfully touch 64 squares.
[54][41][14][31][64][27][12][29]
[15][32][53][56][13][30][45][26]
[40][55][42][61][44][63][28][11]
[33][16][01][52][57][50][25][46]
[02][39][60][43][62][47][10][49]
[17][34][19][38][51][58][07][24]
[20][03][36][59][22][05][48][09]
[35][18][21][04][37][08][23][06]
Trial 81: The knight was able to successfully touch 64 squares.
[30][33][16][39][20][37][14][45]
[17][02][31][34][15][46][21][36]
[32][29][40][19][38][35][44][13]
[03][18][01][56][59][42][47][22]
[28][57][60][41][48][55][12][43]
[07][04][49][58][61][64][23][54]
[50][27][06][09][52][25][62][11]
[05][08][51][26][63][10][53][24]
Trial 82: The knight was able to successfully touch 64 squares.
[32][29][14][41][36][27][12][51]
[15][42][31][28][13][52][37][26]
[30][33][44][61][40][35][50][11]
[43][16][01][34][53][60][25][38]
[02][45][62][55][64][39][10][49]
[17][56][19][46][59][54][07][24]
[20][03][58][63][22][05][48][09]
[57][18][21][04][47][08][23][06]
Trial 83: The knight was able to successfully touch 52 squares.
[20][17][36][03][24][07][26][05]
[37][02][21][18][47][04][23][08]
[16][19][00][35][22][25][06][27]
[00][38][01][46][00][48][09][52]
[42][15][00][00][34][51][28][49]
[39][00][41][00][45][00][31][10]
[14][43][00][00][12][33][50][29]
[00][40][13][44][00][30][11][32]
Trial 84: The knight was able to successfully touch 64 squares.
[44][29][14][61][42][27][12][63]
[15][56][43][28][13][62][41][26]
[30][45][60][55][50][39][64][11]
[57][16][01][46][59][54][25][40]
[02][31][58][51][38][49][10][53]
[17][36][19][32][47][52][07][24]
[20][03][34][37][22][05][48][09]
[35][18][21][04][33][08][23][06]
Trial 85: The knight was able to successfully touch 64 squares.
[62][49][14][31][44][27][12][29]
[15][32][61][48][13][30][45][26]
[50][63][52][43][60][47][28][11]
[33][16][01][64][57][54][25][46]
[02][51][56][53][42][59][10][39]
[17][34][19][58][55][40][07][24]
[20][03][36][41][22][05][38][09]
[35][18][21][04][37][08][23][06]
Trial 86: The knight was able to successfully touch 64 squares.
[12][51][14][31][10][37][40][29]
[15][32][11][50][43][30][09][38]
[52][13][60][33][36][39][28][41]
[59][16][01][44][49][42][35][08]
[02][53][58][61][34][25][48][27]
[17][64][19][54][45][56][07][24]
[20][03][62][57][22][05][26][47]
[63][18][21][04][55][46][23][06]
Trial 87: The knight was able to successfully touch 60 squares.
[20][17][54][03][24][07][44][05]
[53][02][21][18][45][04][23][08]
[16][19][52][55][22][25][06][43]
[51][56][01][40][00][46][09][26]
[38][15][00][47][60][27][42][29]
[57][50][39][00][41][30][33][10]
[14][37][48][59][12][35][28][31]
[49][58][13][36][00][32][11][34]
Trial 88: The knight was able to successfully touch 64 squares.
[24][15][56][13][26][31][46][11]
[57][02][25][32][55][12][27][44]
[16][23][14][59][30][45][10][47]
[03][58][01][64][33][54][43][28]
[22][17][34][53][60][29][48][09]
[35][04][61][20][63][40][51][42]
[18][21][06][37][52][49][08][39]
[05][36][19][62][07][38][41][50]
Trial 89: The knight was able to successfully touch 64 squares.
[18][03][58][23][20][05][34][37]
[59][24][19][04][63][36][21][06]
[02][17][64][57][22][33][38][35]
[25][60][01][50][47][62][07][32]
[16][13][46][61][56][31][48][39]
[45][26][51][14][49][40][55][08]
[12][15][28][43][10][53][30][41]
[27][44][11][52][29][42][09][54]
Trial 90: The knight was able to successfully touch 64 squares.
[24][03][48][19][22][05][42][39]
[49][18][23][04][47][40][21][06]
[02][25][50][61][20][43][38][41]
[17][52][01][46][63][60][07][32]
[26][13][62][51][44][33][64][37]
[53][16][45][34][59][56][31][08]
[12][27][14][55][10][29][36][57]
[15][54][11][28][35][58][09][30]
Trial 91: The knight was able to successfully touch 64 squares.
[12][41][14][29][10][27][44][57]
[15][30][11][42][51][58][09][26]
[40][13][52][63][28][43][56][45]
[31][16][01][50][59][54][25][08]
[02][39][64][53][62][37][46][55]
[17][32][19][38][49][60][07][24]
[20][03][34][61][22][05][36][47]
[33][18][21][04][35][48][23][06]
Trial 92: The knight was able to successfully touch 64 squares.
[30][03][54][19][32][05][34][37]
[55][18][31][04][63][36][21][06]
[02][29][56][53][20][33][38][35]
[17][58][01][62][47][64][07][22]
[28][13][46][57][52][23][48][39]
[45][16][59][26][61][40][51][08]
[12][27][14][43][10][49][24][41]
[15][44][11][60][25][42][09][50]
Trial 93: The knight was able to successfully touch 64 squares.
[44][03][42][19][46][05][50][21]
[41][18][45][04][61][20][29][06]
[02][43][62][47][28][49][22][51]
[17][40][01][60][57][64][07][30]
[36][13][58][63][48][27][52][23]
[39][16][37][26][59][56][31][08]
[12][35][14][55][10][33][24][53]
[15][38][11][34][25][54][09][32]
Trial 94: The knight was able to successfully touch 64 squares.
[34][31][16][53][20][29][14][49]
[17][02][33][30][15][48][21][28]
[32][35][52][19][54][27][50][13]
[03][18][01][64][51][56][47][22]
[36][63][38][55][26][61][12][57]
[07][04][41][62][39][58][23][46]
[42][37][06][09][44][25][60][11]
[05][08][43][40][59][10][45][24]
Trial 95: The knight was able to successfully touch 64 squares.
[24][03][34][19][22][05][52][37]
[33][18][23][04][51][36][21][06]
[02][25][56][35][20][49][38][53]
[17][32][01][50][57][54][07][44]
[26][13][62][55][48][43][60][39]
[31][16][29][42][61][58][45][08]
[12][27][14][63][10][47][40][59]
[15][30][11][28][41][64][09][46]
Trial 96: The knight was able to successfully touch 64 squares.
[54][47][16][21][56][25][14][23]
[17][02][55][46][15][22][35][26]
[48][53][20][57][36][59][24][13]
[03][18][01][60][45][34][27][38]
[52][49][44][19][58][37][12][33]
[07][04][61][50][43][30][39][28]
[64][51][06][09][62][41][32][11]
[05][08][63][42][31][10][29][40]
Trial 97: The knight was able to successfully touch 64 squares.
[20][17][26][03][24][07][46][05]
[27][02][21][18][47][04][23][08]
[16][19][60][25][22][49][06][45]
[61][28][01][48][57][44][09][38]
[32][15][56][59][50][39][54][43]
[29][62][31][40][55][58][37][10]
[14][33][64][51][12][35][42][53]
[63][30][13][34][41][52][11][36]
Trial 98: The knight was able to successfully touch 64 squares.
[48][43][14][31][50][63][12][29]
[15][32][49][46][13][30][51][64]
[42][47][44][35][62][53][28][11]
[33][16][01][54][45][26][61][52]
[02][41][34][59][36][55][10][27]
[17][20][37][40][25][60][07][56]
[38][03][22][19][58][05][24][09]
[21][18][39][04][23][08][57][06]
Trial 99: The knight was able to successfully touch 64 squares.
[18][03][46][31][20][05][24][27]
[45][32][19][04][47][26][21][06]
[02][17][44][59][30][23][28][25]
[33][58][01][48][43][56][07][22]
[16][13][62][57][60][29][42][39]
[63][34][49][14][55][40][53][08]
[12][15][36][61][10][51][38][41]
[35][64][11][50][37][54][09][52]
Trial 100: The knight was able to successfully touch 64 squares.
[24][03][34][19][22][05][50][37]
[33][18][23][04][55][36][21][06]
[02][25][54][35][20][49][38][51]
[17][32][01][56][61][52][07][44]
[26][13][62][53][48][43][60][39]
[31][16][29][42][57][64][45][08]
[12][27][14][63][10][47][40][59]
[15][30][11][28][41][58][09][46]
Average Score: 63.82
